8
Lin938910gen20001_gene4_1  0.0000000 0.0000010 0.0610883 0.0610883 0.6341412 0.6341412 0.6466676 0.6466676 
Lin938910gen20001_gene4_2  0.0000010 0.0000000 0.0610883 0.0610883 0.6341412 0.6341412 0.6466676 0.6466676 
Lin938910gen20001_gene4_6  0.0610883 0.0610883 0.0000000 0.0000010 0.6341412 0.6341412 0.6562017 0.6562017 
Lin938910gen20001_gene4_7  0.0610883 0.0610883 0.0000010 0.0000000 0.6341412 0.6341412 0.6562017 0.6562017 
Lin938910gen20001_gene4_11 0.6341412 0.6341412 0.6341412 0.6341412 0.0000000 0.0000010 0.2698909 0.2698909 
Lin938910gen20001_gene4_12 0.6341412 0.6341412 0.6341412 0.6341412 0.0000010 0.0000000 0.2698909 0.2698909 
Lin938910gen20001_gene4_16 0.6466676 0.6466676 0.6562017 0.6562017 0.2698909 0.2698909 0.0000000 0.0000010 
Lin938910gen20001_gene4_17 0.6466676 0.6466676 0.6562017 0.6562017 0.2698909 0.2698909 0.0000010 0.0000000 
