10
Lin938910gen20001_gene1_1  0.0000000 0.0000010 0.0006670 0.0006670 0.0639869 0.0639869 0.5904103 0.5904103 0.5889469 0.5889469 
Lin938910gen20001_gene1_2  0.0000010 0.0000000 0.0006670 0.0006670 0.0639869 0.0639869 0.5904103 0.5904103 0.5889469 0.5889469 
Lin938910gen20001_gene1_3  0.0006670 0.0006670 0.0000000 0.0000010 0.0632612 0.0632612 0.5889469 0.5889469 0.5874863 0.5874863 
Lin938910gen20001_gene1_4  0.0006670 0.0006670 0.0000010 0.0000000 0.0632612 0.0632612 0.5889469 0.5889469 0.5874863 0.5874863 
Lin938910gen20001_gene1_6  0.0639869 0.0639869 0.0632612 0.0632612 0.0000000 0.0000010 0.5701778 0.5701778 0.5730350 0.5730350 
Lin938910gen20001_gene1_7  0.0639869 0.0639869 0.0632612 0.0632612 0.0000010 0.0000000 0.5701778 0.5701778 0.5730350 0.5730350 
Lin938910gen20001_gene1_11 0.5904103 0.5904103 0.5889469 0.5889469 0.5701778 0.5701778 0.0000000 0.0000010 0.1910617 0.1910617 
Lin938910gen20001_gene1_12 0.5904103 0.5904103 0.5889469 0.5889469 0.5701778 0.5701778 0.0000010 0.0000000 0.1910617 0.1910617 
Lin938910gen20001_gene1_16 0.5889469 0.5889469 0.5874863 0.5874863 0.5730350 0.5730350 0.1910617 0.1910617 0.0000000 0.0000010 
Lin938910gen20001_gene1_17 0.5889469 0.5889469 0.5874863 0.5874863 0.5730350 0.5730350 0.1910617 0.1910617 0.0000010 0.0000000 
