11
Lin938910gen20001_gene7_1  0.0000000 0.0000010 0.1859188 0.1850651 0.1850651 0.1859188 0.3731853 0.3731853 0.3742826 0.3764820 0.3764820 
Lin938910gen20001_gene7_2  0.0000010 0.0000000 0.1859188 0.1850651 0.1850651 0.1859188 0.3731853 0.3731853 0.3742826 0.3764820 0.3764820 
Lin938910gen20001_gene7_6  0.1859188 0.1859188 0.0000000 0.0006670 0.0006670 0.0000010 0.3473207 0.3473207 0.3483807 0.3579894 0.3579894 
Lin938910gen20001_gene7_7  0.1850651 0.1850651 0.0006670 0.0000000 0.0000010 0.0006670 0.3462621 0.3462621 0.3473207 0.3569157 0.3569157 
Lin938910gen20001_gene7_8  0.1850651 0.1850651 0.0006670 0.0000010 0.0000000 0.0006670 0.3462621 0.3462621 0.3473207 0.3569157 0.3569157 
Lin938910gen20001_gene7_10 0.1859188 0.1859188 0.0000010 0.0006670 0.0006670 0.0000000 0.3473207 0.3473207 0.3483807 0.3579894 0.3579894 
Lin938910gen20001_gene7_11 0.3731853 0.3731853 0.3473207 0.3462621 0.3462621 0.3473207 0.0000000 0.0000010 0.0006670 0.1842123 0.1842123 
Lin938910gen20001_gene7_12 0.3731853 0.3731853 0.3473207 0.3462621 0.3462621 0.3473207 0.0000010 0.0000000 0.0006670 0.1842123 0.1842123 
Lin938910gen20001_gene7_14 0.3742826 0.3742826 0.3483807 0.3473207 0.3473207 0.3483807 0.0006670 0.0006670 0.0000000 0.1850651 0.1850651 
Lin938910gen20001_gene7_16 0.3764820 0.3764820 0.3579894 0.3569157 0.3569157 0.3579894 0.1842123 0.1842123 0.1850651 0.0000000 0.0000010 
Lin938910gen20001_gene7_17 0.3764820 0.3764820 0.3579894 0.3569157 0.3569157 0.3579894 0.1842123 0.1842123 0.1850651 0.0000010 0.0000000 
