8
Lin938910gen20001_gene10_1  0.0000000 0.0000010 0.1419593 0.1419593 0.6723661 0.6723661 0.7074896 0.7074896 
Lin938910gen20001_gene10_2  0.0000010 0.0000000 0.1419593 0.1419593 0.6723661 0.6723661 0.7074896 0.7074896 
Lin938910gen20001_gene10_6  0.1419593 0.1419593 0.0000000 0.0000010 0.7074896 0.7074896 0.7283242 0.7283242 
Lin938910gen20001_gene10_7  0.1419593 0.1419593 0.0000010 0.0000000 0.7074896 0.7074896 0.7283242 0.7283242 
Lin938910gen20001_gene10_11 0.6723661 0.6723661 0.7074896 0.7074896 0.0000000 0.0000010 0.2795065 0.2795065 
Lin938910gen20001_gene10_12 0.6723661 0.6723661 0.7074896 0.7074896 0.0000010 0.0000000 0.2795065 0.2795065 
Lin938910gen20001_gene10_16 0.7074896 0.7074896 0.7283242 0.7283242 0.2795065 0.2795065 0.0000000 0.0000010 
Lin938910gen20001_gene10_17 0.7074896 0.7074896 0.7283242 0.7283242 0.2795065 0.2795065 0.0000010 0.0000000 
