11
Lin938910gen20001_gene9_1   0.0000000 0.0000010 0.0816175 0.0816175 0.0823611 0.4853341 0.4853341 0.4752159 0.4752159 0.4764732 0.4739607 
Lin938910gen20001_gene9_2   0.0000010 0.0000000 0.0816175 0.0816175 0.0823611 0.4853341 0.4853341 0.4752159 0.4752159 0.4764732 0.4739607 
Lin938910gen20001_gene9_101 0.0816175 0.0816175 0.0000000 0.0000010 0.0006670 0.4764732 0.4764732 0.4664731 0.4664731 0.4677158 0.4652324 
Lin938910gen20001_gene9_102 0.0816175 0.0816175 0.0000010 0.0000000 0.0006670 0.4764732 0.4764732 0.4664731 0.4664731 0.4677158 0.4652324 
Lin938910gen20001_gene9_118 0.0823611 0.0823611 0.0006670 0.0006670 0.0000000 0.4752159 0.4752159 0.4652324 0.4652324 0.4664731 0.4639937 
Lin938910gen20001_gene9_201 0.4853341 0.4853341 0.4764732 0.4764732 0.4752159 0.0000000 0.0000010 0.1782700 0.1782700 0.1791160 0.1791160 
Lin938910gen20001_gene9_202 0.4853341 0.4853341 0.4764732 0.4764732 0.4752159 0.0000010 0.0000000 0.1782700 0.1782700 0.1791160 0.1791160 
Lin938910gen20001_gene9_301 0.4752159 0.4752159 0.4664731 0.4664731 0.4652324 0.1782700 0.1782700 0.0000000 0.0000010 0.0006670 0.0006670 
Lin938910gen20001_gene9_302 0.4752159 0.4752159 0.4664731 0.4664731 0.4652324 0.1782700 0.1782700 0.0000010 0.0000000 0.0006670 0.0006670 
Lin938910gen20001_gene9_346 0.4764732 0.4764732 0.4677158 0.4677158 0.4664731 0.1791160 0.1791160 0.0006670 0.0006670 0.0000000 0.0013345 
Lin938910gen20001_gene9_351 0.4739607 0.4739607 0.4652324 0.4652324 0.4639937 0.1791160 0.1791160 0.0006670 0.0006670 0.0013345 0.0000000 
