11
Lin938910gen20001_gene6_1  0.0000000 0.0000010 0.0006670 0.1765808 0.1774249 0.1765808 0.1774249 0.4114245 0.4114245 0.4068232 0.4068232 
Lin938910gen20001_gene6_2  0.0000010 0.0000000 0.0006670 0.1765808 0.1774249 0.1765808 0.1774249 0.4114245 0.4114245 0.4068232 0.4068232 
Lin938910gen20001_gene6_5  0.0006670 0.0006670 0.0000000 0.1774249 0.1782700 0.1774249 0.1782700 0.4125792 0.4125792 0.4079709 0.4079709 
Lin938910gen20001_gene6_6  0.1765808 0.1765808 0.1774249 0.0000000 0.0006670 0.0000010 0.0006670 0.3954421 0.3954421 0.3909376 0.3909376 
Lin938910gen20001_gene6_7  0.1774249 0.1774249 0.1782700 0.0006670 0.0000000 0.0006670 0.0000010 0.3965725 0.3965725 0.3920612 0.3920612 
Lin938910gen20001_gene6_8  0.1765808 0.1765808 0.1774249 0.0000010 0.0006670 0.0000000 0.0006670 0.3954421 0.3954421 0.3909376 0.3909376 
Lin938910gen20001_gene6_9  0.1774249 0.1774249 0.1782700 0.0006670 0.0000010 0.0006670 0.0000000 0.3965725 0.3965725 0.3920612 0.3920612 
Lin938910gen20001_gene6_11 0.4114245 0.4114245 0.4125792 0.3954421 0.3965725 0.3954421 0.3965725 0.0000000 0.0000010 0.2040753 0.2040753 
Lin938910gen20001_gene6_12 0.4114245 0.4114245 0.4125792 0.3954421 0.3965725 0.3954421 0.3965725 0.0000010 0.0000000 0.2040753 0.2040753 
Lin938910gen20001_gene6_16 0.4068232 0.4068232 0.4079709 0.3909376 0.3920612 0.3909376 0.3920612 0.2040753 0.2040753 0.0000000 0.0000010 
Lin938910gen20001_gene6_17 0.4068232 0.4068232 0.4079709 0.3909376 0.3920612 0.3909376 0.3920612 0.2040753 0.2040753 0.0000010 0.0000000 
