14
Lin938910gen20001_gene5_1   0.0000000 0.0000010 0.0006670 0.1698618 0.1698618 0.1706984 0.5178630 0.5178630 0.5191940 0.5178630 0.5353526 0.5353526 0.5367150 0.5339927 
Lin938910gen20001_gene5_2   0.0000010 0.0000000 0.0006670 0.1698618 0.1698618 0.1706984 0.5178630 0.5178630 0.5191940 0.5178630 0.5353526 0.5353526 0.5367150 0.5339927 
Lin938910gen20001_gene5_32  0.0006670 0.0006670 0.0000000 0.1706984 0.1706984 0.1715359 0.5191940 0.5191940 0.5205273 0.5191940 0.5367150 0.5367150 0.5380799 0.5353526 
Lin938910gen20001_gene5_101 0.1698618 0.1698618 0.1706984 0.0000000 0.0000010 0.0006670 0.5860286 0.5860286 0.5874863 0.5860286 0.5962927 0.5962927 0.5977705 0.5933457 
Lin938910gen20001_gene5_102 0.1698618 0.1698618 0.1706984 0.0000010 0.0000000 0.0006670 0.5860286 0.5860286 0.5874863 0.5860286 0.5962927 0.5962927 0.5977705 0.5933457 
Lin938910gen20001_gene5_103 0.1706984 0.1706984 0.1715359 0.0006670 0.0006670 0.0000000 0.5874863 0.5874863 0.5889469 0.5874863 0.5977705 0.5977705 0.5992512 0.5948177 
Lin938910gen20001_gene5_201 0.5178630 0.5178630 0.5191940 0.5860286 0.5860286 0.5874863 0.0000000 0.0000010 0.0006670 0.0006670 0.2408430 0.2408430 0.2417627 0.2408430 
Lin938910gen20001_gene5_202 0.5178630 0.5178630 0.5191940 0.5860286 0.5860286 0.5874863 0.0000010 0.0000000 0.0006670 0.0006670 0.2408430 0.2408430 0.2417627 0.2408430 
Lin938910gen20001_gene5_218 0.5191940 0.5191940 0.5205273 0.5874863 0.5874863 0.5889469 0.0006670 0.0006670 0.0000000 0.0013345 0.2417627 0.2417627 0.2426835 0.2417627 
Lin938910gen20001_gene5_238 0.5178630 0.5178630 0.5191940 0.5860286 0.5860286 0.5874863 0.0006670 0.0006670 0.0013345 0.0000000 0.2408430 0.2408430 0.2417627 0.2408430 
Lin938910gen20001_gene5_301 0.5353526 0.5353526 0.5367150 0.5962927 0.5962927 0.5977705 0.2408430 0.2408430 0.2417627 0.2408430 0.0000000 0.0000010 0.0006670 0.0013345 
Lin938910gen20001_gene5_302 0.5353526 0.5353526 0.5367150 0.5962927 0.5962927 0.5977705 0.2408430 0.2408430 0.2417627 0.2408430 0.0000010 0.0000000 0.0006670 0.0013345 
Lin938910gen20001_gene5_357 0.5367150 0.5367150 0.5380799 0.5977705 0.5977705 0.5992512 0.2417627 0.2417627 0.2426835 0.2417627 0.0006670 0.0006670 0.0000000 0.0020027 
Lin938910gen20001_gene5_397 0.5339927 0.5339927 0.5353526 0.5933457 0.5933457 0.5948177 0.2408430 0.2408430 0.2417627 0.2408430 0.0013345 0.0013345 0.0020027 0.0000000 
