8
Lin938910gen20001_gene5_1  0.0000000 0.0000010 0.1698618 0.1698618 0.5178630 0.5178630 0.5353526 0.5353526 
Lin938910gen20001_gene5_2  0.0000010 0.0000000 0.1698618 0.1698618 0.5178630 0.5178630 0.5353526 0.5353526 
Lin938910gen20001_gene5_6  0.1698618 0.1698618 0.0000000 0.0000010 0.5860286 0.5860286 0.5962927 0.5962927 
Lin938910gen20001_gene5_7  0.1698618 0.1698618 0.0000010 0.0000000 0.5860286 0.5860286 0.5962927 0.5962927 
Lin938910gen20001_gene5_11 0.5178630 0.5178630 0.5860286 0.5860286 0.0000000 0.0000010 0.2408430 0.2408430 
Lin938910gen20001_gene5_12 0.5178630 0.5178630 0.5860286 0.5860286 0.0000010 0.0000000 0.2408430 0.2408430 
Lin938910gen20001_gene5_16 0.5353526 0.5353526 0.5962927 0.5962927 0.2408430 0.2408430 0.0000000 0.0000010 
Lin938910gen20001_gene5_17 0.5353526 0.5353526 0.5962927 0.5962927 0.2408430 0.2408430 0.0000010 0.0000000 
