8
Lin938910gen20001_gene9_1  0.0000000 0.0000010 0.0816175 0.0816175 0.4853341 0.4853341 0.4752159 0.4752159 
Lin938910gen20001_gene9_2  0.0000010 0.0000000 0.0816175 0.0816175 0.4853341 0.4853341 0.4752159 0.4752159 
Lin938910gen20001_gene9_6  0.0816175 0.0816175 0.0000000 0.0000010 0.4764732 0.4764732 0.4664731 0.4664731 
Lin938910gen20001_gene9_7  0.0816175 0.0816175 0.0000010 0.0000000 0.4764732 0.4764732 0.4664731 0.4664731 
Lin938910gen20001_gene9_11 0.4853341 0.4853341 0.4764732 0.4764732 0.0000000 0.0000010 0.1782700 0.1782700 
Lin938910gen20001_gene9_12 0.4853341 0.4853341 0.4764732 0.4764732 0.0000010 0.0000000 0.1782700 0.1782700 
Lin938910gen20001_gene9_16 0.4752159 0.4752159 0.4664731 0.4664731 0.1782700 0.1782700 0.0000000 0.0000010 
Lin938910gen20001_gene9_17 0.4752159 0.4752159 0.4664731 0.4664731 0.1782700 0.1782700 0.0000010 0.0000000 
