14
Lin938910gen20001_gene10_1   0.0000000 0.0000010 0.0006670 0.1419593 0.1419593 0.1419593 0.6723661 0.6723661 0.6740018 0.7074896 0.7074896 0.7092038 0.7092038 0.7092038 
Lin938910gen20001_gene10_2   0.0000010 0.0000000 0.0006670 0.1419593 0.1419593 0.1419593 0.6723661 0.6723661 0.6740018 0.7074896 0.7074896 0.7092038 0.7092038 0.7092038 
Lin938910gen20001_gene10_60  0.0006670 0.0006670 0.0000000 0.1411541 0.1411541 0.1411541 0.6740018 0.6740018 0.6756412 0.7092038 0.7092038 0.7109221 0.7109221 0.7109221 
Lin938910gen20001_gene10_101 0.1419593 0.1419593 0.1411541 0.0000000 0.0000010 0.0006670 0.7074896 0.7074896 0.7092038 0.7283242 0.7283242 0.7300869 0.7300869 0.7300869 
Lin938910gen20001_gene10_102 0.1419593 0.1419593 0.1411541 0.0000010 0.0000000 0.0006670 0.7074896 0.7074896 0.7092038 0.7283242 0.7283242 0.7300869 0.7300869 0.7300869 
Lin938910gen20001_gene10_112 0.1419593 0.1419593 0.1411541 0.0006670 0.0006670 0.0000000 0.7074896 0.7074896 0.7092038 0.7283242 0.7283242 0.7300869 0.7300869 0.7300869 
Lin938910gen20001_gene10_201 0.6723661 0.6723661 0.6740018 0.7074896 0.7074896 0.7074896 0.0000000 0.0000010 0.0006670 0.2795065 0.2795065 0.2804748 0.2804748 0.2804748 
Lin938910gen20001_gene10_202 0.6723661 0.6723661 0.6740018 0.7074896 0.7074896 0.7074896 0.0000010 0.0000000 0.0006670 0.2795065 0.2795065 0.2804748 0.2804748 0.2804748 
Lin938910gen20001_gene10_291 0.6740018 0.6740018 0.6756412 0.7092038 0.7092038 0.7092038 0.0006670 0.0006670 0.0000000 0.2804748 0.2804748 0.2814444 0.2814444 0.2814444 
Lin938910gen20001_gene10_301 0.7074896 0.7074896 0.7092038 0.7283242 0.7283242 0.7283242 0.2795065 0.2795065 0.2804748 0.0000000 0.0000010 0.0006670 0.0006670 0.0006670 
Lin938910gen20001_gene10_302 0.7074896 0.7074896 0.7092038 0.7283242 0.7283242 0.7283242 0.2795065 0.2795065 0.2804748 0.0000010 0.0000000 0.0006670 0.0006670 0.0006670 
Lin938910gen20001_gene10_314 0.7092038 0.7092038 0.7109221 0.7300869 0.7300869 0.7300869 0.2804748 0.2804748 0.2814444 0.0006670 0.0006670 0.0000000 0.0013345 0.0013345 
Lin938910gen20001_gene10_317 0.7092038 0.7092038 0.7109221 0.7300869 0.7300869 0.7300869 0.2804748 0.2804748 0.2814444 0.0006670 0.0006670 0.0013345 0.0000000 0.0000010 
Lin938910gen20001_gene10_318 0.7092038 0.7092038 0.7109221 0.7300869 0.7300869 0.7300869 0.2804748 0.2804748 0.2814444 0.0006670 0.0006670 0.0013345 0.0000010 0.0000000 
