8
Lin938910gen20001_gene8_1  0.0000000 0.0000010 0.0698178 0.0698178 0.3644643 0.3644643 0.3601415 0.3601415 
Lin938910gen20001_gene8_2  0.0000010 0.0000000 0.0698178 0.0698178 0.3644643 0.3644643 0.3601415 0.3601415 
Lin938910gen20001_gene8_6  0.0698178 0.0698178 0.0000000 0.0000010 0.3622998 0.3622998 0.3515700 0.3515700 
Lin938910gen20001_gene8_7  0.0698178 0.0698178 0.0000010 0.0000000 0.3622998 0.3622998 0.3515700 0.3515700 
Lin938910gen20001_gene8_11 0.3644643 0.3644643 0.3622998 0.3622998 0.0000000 0.0000010 0.1927838 0.1927838 
Lin938910gen20001_gene8_12 0.3644643 0.3644643 0.3622998 0.3622998 0.0000010 0.0000000 0.1927838 0.1927838 
Lin938910gen20001_gene8_16 0.3601415 0.3601415 0.3515700 0.3515700 0.1927838 0.1927838 0.0000000 0.0000010 
Lin938910gen20001_gene8_17 0.3601415 0.3601415 0.3515700 0.3515700 0.1927838 0.1927838 0.0000010 0.0000000 
