14
Lin938910gen20001_gene8_1   0.0000000 0.0000010 0.0006670 0.0006670 0.0698178 0.0698178 0.3644643 0.3644643 0.3655489 0.3655489 0.3655489 0.3601415 0.3601415 0.3612199 
Lin938910gen20001_gene8_2   0.0000010 0.0000000 0.0006670 0.0006670 0.0698178 0.0698178 0.3644643 0.3644643 0.3655489 0.3655489 0.3655489 0.3601415 0.3601415 0.3612199 
Lin938910gen20001_gene8_16  0.0006670 0.0006670 0.0000000 0.0013345 0.0705499 0.0705499 0.3655489 0.3655489 0.3666350 0.3666350 0.3666350 0.3612199 0.3612199 0.3622998 
Lin938910gen20001_gene8_35  0.0006670 0.0006670 0.0013345 0.0000000 0.0698178 0.0698178 0.3655489 0.3655489 0.3666350 0.3666350 0.3666350 0.3612199 0.3612199 0.3622998 
Lin938910gen20001_gene8_101 0.0698178 0.0698178 0.0705499 0.0698178 0.0000000 0.0000010 0.3622998 0.3622998 0.3622998 0.3633812 0.3633812 0.3515700 0.3515700 0.3526361 
Lin938910gen20001_gene8_102 0.0698178 0.0698178 0.0705499 0.0698178 0.0000010 0.0000000 0.3622998 0.3622998 0.3622998 0.3633812 0.3633812 0.3515700 0.3515700 0.3526361 
Lin938910gen20001_gene8_201 0.3644643 0.3644643 0.3655489 0.3655489 0.3622998 0.3622998 0.0000000 0.0000010 0.0006670 0.0006670 0.0006670 0.1927838 0.1927838 0.1936464 
Lin938910gen20001_gene8_202 0.3644643 0.3644643 0.3655489 0.3655489 0.3622998 0.3622998 0.0000010 0.0000000 0.0006670 0.0006670 0.0006670 0.1927838 0.1927838 0.1936464 
Lin938910gen20001_gene8_210 0.3655489 0.3655489 0.3666350 0.3666350 0.3622998 0.3622998 0.0006670 0.0006670 0.0000000 0.0013345 0.0013345 0.1936464 0.1936464 0.1945099 
Lin938910gen20001_gene8_222 0.3655489 0.3655489 0.3666350 0.3666350 0.3633812 0.3633812 0.0006670 0.0006670 0.0013345 0.0000000 0.0013345 0.1936464 0.1936464 0.1945099 
Lin938910gen20001_gene8_244 0.3655489 0.3655489 0.3666350 0.3666350 0.3633812 0.3633812 0.0006670 0.0006670 0.0013345 0.0013345 0.0000000 0.1936464 0.1936464 0.1945099 
Lin938910gen20001_gene8_301 0.3601415 0.3601415 0.3612199 0.3612199 0.3515700 0.3515700 0.1927838 0.1927838 0.1936464 0.1936464 0.1936464 0.0000000 0.0000010 0.0006670 
Lin938910gen20001_gene8_302 0.3601415 0.3601415 0.3612199 0.3612199 0.3515700 0.3515700 0.1927838 0.1927838 0.1936464 0.1936464 0.1936464 0.0000010 0.0000000 0.0006670 
Lin938910gen20001_gene8_311 0.3612199 0.3612199 0.3622998 0.3622998 0.3526361 0.3526361 0.1936464 0.1936464 0.1945099 0.1945099 0.1945099 0.0006670 0.0006670 0.0000000 
