10
Lin938910gen10001_gene1  0.0000000 9.0000000 3.1897122 3.2381161 9.0000000 9.0000000 3.7095726 3.1897122 3.7095726 3.7095726 
Lin938910gen10001_gene2  9.0000000 0.0000000 2.9508719 2.9857619 3.2381161 3.7095726 9.0000000 4.7492934 4.4451945 2.8856134 
Lin938910gen10001_gene3  3.1897122 2.9508719 0.0000000 9.0000000 9.0000000 2.9175331 2.7700004 3.6212353 9.0000000 9.0000000 
Lin938910gen10001_gene4  3.2381161 2.9857619 9.0000000 0.0000000 3.0223545 9.0000000 3.1897122 3.3454417 9.0000000 3.2898607 
Lin938910gen10001_gene5  9.0000000 3.2381161 9.0000000 3.0223545 0.0000000 3.2381161 3.5422149 9.0000000 4.0620753 2.8856134 
Lin938910gen10001_gene6  9.0000000 3.7095726 2.9175331 9.0000000 3.2381161 0.0000000 9.0000000 3.4054737 4.0620753 3.1442437 
Lin938910gen10001_gene7  3.7095726 9.0000000 2.7700004 3.1897122 3.5422149 9.0000000 0.0000000 4.4451945 5.2691537 3.2898607 
Lin938910gen10001_gene8  3.1897122 4.7492934 3.6212353 3.3454417 9.0000000 3.4054737 4.4451945 0.0000000 3.1897122 2.9508719 
Lin938910gen10001_gene9  3.7095726 4.4451945 9.0000000 9.0000000 4.0620753 4.0620753 5.2691537 3.1897122 0.0000000 2.4482536 
Lin938910gen10001_gene10 3.7095726 2.8856134 9.0000000 3.2898607 2.8856134 3.1442437 3.2898607 2.9508719 2.4482536 0.0000000 
