10
Lin938910gen10001_gene1  0.0000000 8.9999986 3.0602302 4.4012848 3.4568156 7.1094391 9.0000000 8.9999988 9.0000000 4.9714139 
Lin938910gen10001_gene2  8.9999986 0.0000000 3.4002070 4.3070839 4.3717043 2.9623343 9.0000000 3.7880826 3.3062880 3.9410411 
Lin938910gen10001_gene3  3.0602302 3.4002070 0.0000000 4.6974791 3.9145259 4.9301271 6.0932155 4.5915941 9.0000000 8.9999985 
Lin938910gen10001_gene4  4.4012848 4.3070839 4.6974791 0.0000000 4.1122865 9.0000000 4.5924760 4.4214671 3.5984343 9.0000000 
Lin938910gen10001_gene5  3.4568156 4.3717043 3.9145259 4.1122865 0.0000000 9.0000000 8.9999987 7.2073566 9.0000000 9.0000000 
Lin938910gen10001_gene6  7.1094391 2.9623343 4.9301271 9.0000000 9.0000000 0.0000000 9.0000000 8.9999988 3.7650357 7.2963213 
Lin938910gen10001_gene7  9.0000000 9.0000000 6.0932155 4.5924760 8.9999987 9.0000000 0.0000000 3.1746938 5.4251777 7.3649489 
Lin938910gen10001_gene8  8.9999988 3.7880826 4.5915941 4.4214671 7.2073566 8.9999988 3.1746938 0.0000000 4.0076081 5.0369262 
Lin938910gen10001_gene9  9.0000000 3.3062880 9.0000000 3.5984343 9.0000000 3.7650357 5.4251777 4.0076081 0.0000000 5.0341405 
Lin938910gen10001_gene10 4.9714139 3.9410411 8.9999985 9.0000000 9.0000000 7.2963213 7.3649489 5.0369262 5.0341405 0.0000000 
