6
lin1       0.0000000 0.2169222 0.4966612 0.4602913 0.1911135 0.4255032 
lin2       0.2169222 0.0000000 0.6168870 0.5347637 0.1785148 0.5347637 
lin3       0.4966612 0.6168870 0.0000000 0.1418672 0.5545177 0.1418672 
lin4       0.4602913 0.5347637 0.1418672 0.0000000 0.4966612 0.1785148 
node1      0.1911135 0.1785148 0.5545177 0.4966612 0.0000000 0.5154856 
node2      0.4255032 0.5347637 0.1418672 0.1785148 0.5154856 0.0000000 
