8
Lin938910gen20001_gene3_1  0.0000000 0.0000010 0.1919223 0.1919223 0.3558435 0.3558435 0.3742826 0.3742826 
Lin938910gen20001_gene3_2  0.0000010 0.0000000 0.1919223 0.1919223 0.3558435 0.3558435 0.3742826 0.3742826 
Lin938910gen20001_gene3_6  0.1919223 0.1919223 0.0000000 0.0000010 0.3633812 0.3633812 0.3797933 0.3797933 
Lin938910gen20001_gene3_7  0.1919223 0.1919223 0.0000010 0.0000000 0.3633812 0.3633812 0.3797933 0.3797933 
Lin938910gen20001_gene3_11 0.3558435 0.3558435 0.3633812 0.3633812 0.0000000 0.0000010 0.2111093 0.2111093 
Lin938910gen20001_gene3_12 0.3558435 0.3558435 0.3633812 0.3633812 0.0000010 0.0000000 0.2111093 0.2111093 
Lin938910gen20001_gene3_16 0.3742826 0.3742826 0.3797933 0.3797933 0.2111093 0.2111093 0.0000000 0.0000010 
Lin938910gen20001_gene3_17 0.3742826 0.3742826 0.3797933 0.3797933 0.2111093 0.2111093 0.0000010 0.0000000 
