8
Lin478089gen30001_1 0.0000000 0.2063541 0.4033907 0.4076838 0.6080477 0.6028915 0.6017752 0.6006607 
Lin478089gen30001_2 0.2063541 0.0000000 0.4076838 0.4082006 0.6091733 0.5971051 0.5878512 0.5902638 
Lin478089gen30001_3 0.4033907 0.4076838 0.0000000 0.2045130 0.6026681 0.5991030 0.5957761 0.5918032 
Lin478089gen30001_4 0.4076838 0.4082006 0.2045130 0.0000000 0.6069237 0.6037857 0.6051289 0.6028915 
Lin478089gen30001_5 0.6080477 0.6091733 0.6026681 0.6069237 0.0000000 0.2001910 0.4042474 0.4018512 
Lin478089gen30001_6 0.6028915 0.5971051 0.5991030 0.6037857 0.2001910 0.0000000 0.3909937 0.3908253 
Lin478089gen30002_7 0.6017752 0.5878512 0.5957761 0.6051289 0.4042474 0.3909937 0.0000000 0.1940780 
Lin478089gen30002_8 0.6006607 0.5902638 0.5918032 0.6028915 0.4018512 0.3908253 0.1940780 0.0000000 
